# reps=10000, upper bound=0, TYPE=UINT32, BLOCK_SIZE=2048, SEQREAD_CACHE_SIZE=1024, NR_TASKLETS=1
n       µ_Normal σ_Normal       µ_TrivialBC σ_TrivialBC µ_NoTrivial σ_NoTrivial µ_OneInsertion σ_OneInsertion   µ_ThreshBC σ_ThreshBC   µ_ThreshTrivBC σ_ThreshTrivBC   µ_ThreshThenTriv σ_ThreshThenTriv       µ_TrivInThresh σ_TrivInThresh
20        5829     0      5721     0      5573     0      5672     0      5807     0      5804     0      5845     0      5570     0
24        7275     0      7156     0      6966     0      7104     0      7339     0      7335     0      7292     0      6962     0
32       10319     0     10182     0      9904     0     10125     0     10601     0     10595     0     10339     0      9899     0
48       16810     0     16636     0     16183     0     16567     0     17616     0     17607     0     16834     0     16175     0
64       23697     0     23483     0     22858     0     23402     0     25112     0     25101     0     23726     0     22848     0
96       38314     0     38020     0     37052     0     37917     0     41135     0     41118     0     38352     0     37035     0
128      53789     0     53419     0     52102     0     53292     0     58217     0     58194     0     53835     0     52081     0
192      86365     0     85836     0     83831     0     85662     0     94349     0     94315     0     86429     0     83799     0
256     120570     0    119887     0    117189     0    119669     0    132491     0    132444     0    120654     0    117146     0
384     192406     0    191413     0    187327     0    191097     0    212954     0    212885     0    192522     0    187264     0
512     267496     0    266189     0    260724     0    265783     0    297426     0    297334     0    267650     0    260637     0
768     424707     0    422773     0    414545     0    422181     0    474973     0    474835     0    424932     0    414418     0
1024    588280     0    585718     0    574732     0    584948     0    660290     0    660104     0    588579     0    574557     0
