# reps=10000, upper bound=0, TYPE=UINT32, BLOCK_SIZE=2048, SEQREAD_CACHE_SIZE=1024, NR_TASKLETS=1
n       µ_Normal σ_Normal       µ_TrivialBC σ_TrivialBC µ_NoTrivial σ_NoTrivial µ_OneInsertion σ_OneInsertion   µ_ThreshBC σ_ThreshBC   µ_ThreshTrivBC σ_ThreshTrivBC   µ_ThreshThenTriv σ_ThreshThenTriv       µ_TrivInThresh σ_TrivInThresh
20        5741     0      5807     0      5698     0      5834     0      5959     0      5943     0      5780     0      5684     0
24        7174     0      7262     0      7118     0      7300     0      7528     0      7511     0      7217     0      7102     0
32       10208     0     10338     0     10126     0     10400     0     10871     0     10848     0     10260     0     10105     0
48       16752     0     16966     0     16620     0     17080     0     18138     0     18105     0     16825     0     16589     0
64       23753     0     24050     0     23571     0     24217     0     25951     0     25908     0     23846     0     23530     0
96       38712     0     39177     0     38429     0     39451     0     42763     0     42696     0     38846     0     38367     0
128      54531     0     55164     0     54147     0     55539     0     60613     0     60526     0     54705     0     54065     0
192      88087     0     89055     0     87500     0     89636     0     98657     0     98527     0     88340     0     87380     0
256     123538     0    124842     0    122750     0    125634     0    138992     0    138815     0    123872     0    122588     0
384     198168     0    200141     0    196981     0    201358     0    224228     0    223965     0    198668     0    196737     0
512     276569     0    279216     0    274972     0    280839     0    314039     0    313690     0    277224     0    274652     0
768     440835     0    444823     0    438432     0    447281     0    502793     0    502268     0    441811     0    437950     0
1024    612473     0    617808     0    609257     0    621086     0    700481     0    699785     0    613766     0    608618     0
