# reps=1000, dist name=normal, dist param=0, PIVOT=END, TYPE=UINT64, BLOCK_SIZE=16512, SEQREAD_CACHE_SIZE=1024, NR_TASKLETS=1, CALL_OVERHEAD=128
n       µ_Merge σ_Merge µ_MergeWriteBack σ_MergeWriteBack       µ_MergeHalfSpace σ_MergeHalfSpace
16         4778   418      4901   419      4801   419
24         8532   770      8652   771      8555   771
32        14906   804     17518   805     16078   808
48        23833  1108     27679  1109     24773  1111
64        38058  1142     38179  1143     40394  1160
96        58940  1519     59062  1518     63531  1530
128       91427  1694    101444  1695    100434  1699
192      139713  2121    154669  2125    154338  2153
256      212138  2482    212262  2486    235689  2517
384      322246  2986    322364  2980    362447  3009
512      481907  3396    521548  3400    544165  3447
768      729221  4305    788619  4303    831243  4394
1024    1077026  4754   1077156  4758   1228474  4751