# reps=1000, dist name=Zipf, dist param=0, PIVOT=MEDIAN, TYPE=UINT64, BLOCK_SIZE=16512, SEQREAD_CACHE_SIZE=1024, NR_TASKLETS=1, CALL_OVERHEAD=128
n	µ_Merge σ_Merge	µ_MergeWriteBack σ_MergeWriteBack	µ_MergeHalfSpace σ_MergeHalfSpace
16  	   5024   621	   5147   620	   5837   742
24  	   8769   737	   8891   738	   9596   860
32  	  15156   774	  17767   774	  16353   776
48  	  24090  1059	  27935  1059	  25064  1064
64  	  38207  1138	  38329  1139	  40582  1148
96  	  58859  1505	  58980  1503	  63474  1507
128 	  91074  1740	 101092  1741	 100106  1747
192 	 138838  2208	 153790  2212	 153480  2232
256 	 210653  2513	 210775  2516	 234211  2525
384 	 319352  2995	 319469  2996	 359492  3036
512 	 478069  3571	 517706  3571	 540240  3609
768 	 723191  4421	 782577  4420	 824959  4500
1024	1068233  4747	1068362  4750	1219419  4836
