# reps=10000, upper bound=0, PIVOT=median_of_three, TYPE=UINT32, BLOCK_SIZE=2048, SEQREAD_CACHE_SIZE=1024, NR_TASKLETS=1
n       µ_Normal σ_Normal       µ_TrivialBC σ_TrivialBC µ_NoTrivial σ_NoTrivial µ_OneInsertion σ_OneInsertion   µ_ThreshBC σ_ThreshBC   µ_ThreshTrivBC σ_ThreshTrivBC   µ_ThreshThenTriv σ_ThreshThenTriv       µ_TrivInThresh σ_TrivInThresh
20        5979     0      5736     0      5603     0      5687     0      5800     0      5797     0      5984     0      5600     0
24        7494     0      7176     0      7006     0      7124     0      7333     0      7329     0      7500     0      7002     0
32       10695     0     10212     0      9965     0     10156     0     10592     0     10585     0     10705     0      9959     0
48       17555     0     16686     0     16284     0     16617     0     17593     0     17585     0     17568     0     16276     0
64       24856     0     23552     0     23000     0     23473     0     25077     0     25066     0     24874     0     22989     0
96       40411     0     38130     0     37274     0     38027     0     41077     0     41060     0     40439     0     37257     0
128      56922     0     53568     0     52405     0     53443     0     58138     0     58114     0     56958     0     52383     0
192      91791     0     86064     0     84294     0     85893     0     94229     0     94195     0     91843     0     84262     0
256     128498     0    120195     0    117814     0    119981     0    132328     0    132281     0    128571     0    117771     0
384     205755     0    191881     0    188274     0    191570     0    212712     0    212644     0    205859     0    188212     0
512     286659     0    266818     0    261993     0    266417     0    297103     0    297011     0    286801     0    261907     0
768     456356     0    423721     0    416458     0    423137     0    474492     0    474355     0    456568     0    416330     0
1024    633242     0    586982     0    577287     0    586225     0    659643     0    659456     0    633531     0    577115     0
