# reps=1000, dist name=normal, dist param=0, PIVOT=END, TYPE=UINT64, BLOCK_SIZE=16512, SEQREAD_CACHE_SIZE=1024, NR_TASKLETS=1, CALL_OVERHEAD=128
n       µ_Merge σ_Merge µ_MergeWriteBack σ_MergeWriteBack       µ_MergeHalfSpace σ_MergeHalfSpace
16         5255   348      5378   349      5278   349
24         9317   595      9438   595      9339   595
32        13591   809     13711   807     13612   808
48        23347  1193     23467  1194     23369  1194
64        33959  1619     34079  1620     33979  1619
96        60449  1901     67996  1900     63988  1905
128       85187  2537     95206  2538     88334  2545
192      148830  2920    148951  2921    153906  2923
256      201053  3412    201178  3407    214468  3402
384      342336  4300    372106  4302    363212  4305
512      460755  5043    500399  5039    501852  5053
768      771309  5875    771430  5875    834540  5882
1024    1036723  6678   1036848  6671   1147488  6689