# reps=1000, dist name=normal, dist param=0, PIVOT=END, TYPE=UINT64, BLOCK_SIZE=16512, SEQREAD_CACHE_SIZE=1024, NR_TASKLETS=1, CALL_OVERHEAD=128
n       µ_Merge σ_Merge µ_MergeWriteBack σ_MergeWriteBack       µ_MergeHalfSpace σ_MergeHalfSpace
16         4777   418      4900   419      4800   418
24         8531   771      8653   771      8555   771
32        12755  1071     12877  1071     12777  1071
48        23212  1917     23334  1916     23235  1917
64        36380  1966     41459  1968     39052  1970
96        58879  2700     66431  2701     61147  2705
128       90185  2832     90306  2832     95443  2827
192      140842  3757    140966  3754    150726  3758
256      212388  4244    232283  4244    231363  4247
384      325182  5413    354947  5415    355698  5419
512      484608  6234    484734  6239    533325  6255
768      736470  7705    736588  7706    819009  7736
1024    1085378  8476   1164519  8477   1212645  8486
