# reps=1000, dist name=Zipf, dist param=0, PIVOT=END, TYPE=UINT64, BLOCK_SIZE=16512, SEQREAD_CACHE_SIZE=1024, NR_TASKLETS=1, CALL_OVERHEAD=128
n       µ_Merge σ_Merge µ_MergeWriteBack σ_MergeWriteBack       µ_MergeHalfSpace σ_MergeHalfSpace
16         5150   417      5273   418      5173   418
24         9045   737      9166   738      9067   738
32        13226  1015     13347  1015     13248  1014
48        23753  1892     23874  1891     23775  1890
64        36683  1974     41764  1976     39358  1978
96        58840  2670     66391  2670     61104  2675
128       89546  2927     89667  2927     94810  2922
192      139061  3979    139181  3979    148934  3984
256      209541  4355    229433  4358    228502  4364
384      319685  5191    349453  5190    350138  5204
512      477564  6303    477689  6302    526180  6315
768      724627  7775    724749  7780    806953  7813
1024    1068234  8700   1147378  8714   1195232  8727