# reps=10000, upper bound=0, TYPE=UINT32, BLOCK_SIZE=2048, SEQREAD_CACHE_SIZE=1024, NR_TASKLETS=1
n       µ_Rec σ_Rec       µ_It σ_It
20        5532     0      5979     0
24        6980     0      7494     0
32       10048     0     10695     0
48       16639     0     17555     0
64       23674     0     24856     0
96       38689     0     40411     0
128      54678     0     56922     0
192      88472     0     91791     0
256     124091     0    128498     0
384     199190     0    205755     0
512     277966     0    286659     0
768     443453     0    456356     0
1024    616037     0    633242     0
