# reps=1000, dist name=reverse, dist param=0, PIVOT=END, TYPE=UINT32, BLOCK_SIZE=2048, SEQREAD_CACHE_SIZE=1024, NR_TASKLETS=1, CALL_OVERHEAD=128
n       µ_Merge σ_Merge µ_MergeWriteBack σ_MergeWriteBack       µ_MergeHalfSpace σ_MergeHalfSpace
16         4824     8      4943    13      4826     9
24         7646    10      7764    15      7646    10
32        11214    14     11338    13     11215    14
48        18796    17     18919    17     18796    17
64        30633    24     30754    22     30632    24
96        50437    27     59043    29     55054    30
128       72699    35     84124    37     77316    34
192      124418    43    124539    42    133788    45
256      166739    51    166858    53    185921    53
384      280579    63    314570    67    314293    72
512      375818    77    421097    78    434094    82
768      624391    97    624512   100    721773    98
1024     836048   113    836173   111    992432   114