# reps=1000, dist name=reverse, dist param=0, PIVOT=END, TYPE=UINT32, BLOCK_SIZE=2048, SEQREAD_CACHE_SIZE=1024, NR_TASKLETS=1, CALL_OVERHEAD=128
n       µ_Merge σ_Merge µ_MergeWriteBack σ_MergeWriteBack       µ_MergeHalfSpace σ_MergeHalfSpace
16         4306     6      4429    11      4306     7
24         8647    16      8767    11      8646    15
32        13506    15     16471    16     15103    15
48        21883    18     26256    21     23481    20
64        32979    23     33099    24     36869    23
96        51746    29     51866    29     58690    31
128       78062    35     89488    36     91529    40
192      119264    43    136334    46    140665    47
256      177541    53    177659    53    212828    57
384      269930    64    270054    64    327820    71
512      398504    81    443768    78    489826    86
768      602859    95    670691    99    748593   105
1024     881476   115    881593   117   1102355   128