# reps=1000, dist name=sorted, dist param=0, PIVOT=END, TYPE=UINT32, BLOCK_SIZE=2048, SEQREAD_CACHE_SIZE=1024, NR_TASKLETS=1, CALL_OVERHEAD=128
n       µ_Merge σ_Merge µ_MergeWriteBack σ_MergeWriteBack       µ_MergeHalfSpace σ_MergeHalfSpace
16         2340     8      2465     5      2342     9
24         3577    10      3697     5      3560     8
32         7779    12     10739    13      8756    13
48        11502    14     15876    17     11246    14
64        20802    20     20922    18     21617    18
96        30854    22     30973    23     30409    21
128       52011    29     63437    31     55029    28
192       77345    35     94413    37     76595    36
256      124718    43    124838    45    129864    44
384      185954    52    186077    50    184756    53
512      291161    68    336433    70    303094    67
768      434774    82    502607    87    432740    79
1024     666078   100    666200   100    689308   103
