# reps=1000, dist name=normal, dist param=0, PIVOT=END, TYPE=UINT32, BLOCK_SIZE=2048, SEQREAD_CACHE_SIZE=1024, NR_TASKLETS=1, CALL_OVERHEAD=128
n       µ_Merge σ_Merge µ_MergeWriteBack σ_MergeWriteBack       µ_MergeHalfSpace σ_MergeHalfSpace
16         3874   337      3998   338      3876   338
24         6822   623      6944   624      6823   623
32        10055   858     10175   856     10054   856
48        19270   873     23644   875     21435   878
64        27077  1173     32862  1173     29212  1178
96        49179  1396     49301  1396     53566  1406
128       66249  1557     66369  1558     75411  1583
192      116130  2026    133196  2024    132326  2033
256      155827  2215    178539  2221    184090  2247
384      266526  2806    266645  2807    313928  2837
512      357208  3298    357328  3300    433712  3327
768      601042  3967    668882  3972    725684  4038
1024     805103  4366    895500  4364    997856  4427