# reps=1000, dist name=reverse, dist param=0, PIVOT=END, TYPE=UINT32, BLOCK_SIZE=2048, SEQREAD_CACHE_SIZE=1024, NR_TASKLETS=1, CALL_OVERHEAD=128
n       µ_Merge σ_Merge µ_MergeWriteBack σ_MergeWriteBack       µ_MergeHalfSpace σ_MergeHalfSpace
16         4306     7      4427    11      4306     6
24         8647    16      8768    11      8646    15
32        10520    13     10643    12     10521    14
48        19304    17     23679    19     21520    18
64        26952    23     32735    23     29166    20
96        48157    28     48278    27     52665    30
128       64531    30     64654    33     73944    34
192      112053    42    129119    44    128607    43
256      150130    49    172837    53    178937    50
384      255474    61    255597    61    303693    68
512      342241    72    342360    72    419879    81
768      573914    94    641753    99    700332   101
1024     768639   108    859047   113    963767   126