# reps=1000, dist name=uniform, dist param=0, PIVOT=END, TYPE=UINT32, BLOCK_SIZE=2048, SEQREAD_CACHE_SIZE=1024, NR_TASKLETS=1, CALL_OVERHEAD=128
n       µ_Merge σ_Merge µ_MergeWriteBack σ_MergeWriteBack       µ_MergeHalfSpace σ_MergeHalfSpace
16         4255   328      4379   328      4257   328
24         7402   593      7522   592      7402   593
32        10761   806     10882   806     10761   805
48        19891   888     24265   889     22067   889
64        27896  1135     33680  1136     30039  1137
96        50057  1422     50178  1422     54458  1427
128       67161  1657     67281  1660     76345  1663
192      116912  1933    133981  1936    133116  1947
256      156605  2296    179316  2296    184889  2318
384      267245  2803    267366  2803    314662  2832
512      358218  3327    358340  3326    434727  3363
768      601956  3946    669792  3944    726663  4001
1024     805806  4449    896202  4446    998594  4493
