# reps=1000, dist name=reverse, dist param=0, PIVOT=END, TYPE=UINT32, BLOCK_SIZE=2048, SEQREAD_CACHE_SIZE=1024, NR_TASKLETS=1, CALL_OVERHEAD=128
n       µ_Merge σ_Merge µ_MergeWriteBack σ_MergeWriteBack       µ_MergeHalfSpace σ_MergeHalfSpace
16         4305     5      4428    11      4307     7
24         8647    16      8768    11      8647    16
32        10520    14     10643    12     10520    13
48        21784    19     21906    19     21783    18
64        31800    22     37587    23     35252    24
96        52123    29     60727    32     55573    28
128       75784    33     75909    34     83997    37
192      120163    40    120285    42    134514    44
256      177472    53    200180    53    205135    56
384      271972    62    305968    69    315592    67
512      398448    73    398564    78    470147    84
768      607083    93    607207    92    724222   102
1024     885848   114    976254   119   1070364   128