# reps=10000, upper bound=0, TYPE=UINT32, BLOCK_SIZE=2048, SEQREAD_CACHE_SIZE=1024, NR_TASKLETS=1
n       µ_Normal σ_Normal       µ_TrivialBC σ_TrivialBC µ_NoTrivial σ_NoTrivial µ_OneInsertion σ_OneInsertion   µ_ThreshBC σ_ThreshBC   µ_ThreshTrivBC σ_ThreshTrivBC   µ_ThreshThenTriv σ_ThreshThenTriv       µ_TrivInThresh σ_TrivInThresh
20        5532     0      5560     0      5991     0      6167     0      5840     0      5837     0      6006     0      5987     0
24        6980     0      7016     0      7600     0      7802     0      7434     0      7430     0      7620     0      7596     0
32       10048     0     10105     0     11039     0     11299     0     10835     0     10828     0     11070     0     11033     0
48       16639     0     16734     0     18449     0     18820     0     18158     0     18150     0     18500     0     18439     0
64       23674     0     23806     0     26386     0     26868     0     26013     0     26001     0     26458     0     26374     0
96       38689     0     38896     0     43397     0     44100     0     42858     0     42841     0     43508     0     43379     0
128      54678     0     54962     0     61588     0     62514     0     60885     0     60861     0     61739     0     61562     0
192      88472     0     88906     0    100119     0    101487     0     99097     0     99062     0    100351     0    100083     0
256     124091     0    124677     0    140861     0    142675     0    139509     0    139462     0    141175     0    140811     0
384     199190     0    200079     0    226964     0    229664     0    224969     0    224902     0    227437     0    226890     0
512     277966     0    279158     0    317494     0    321080     0    314856     0    314764     0    318129     0    317396     0
768     443453     0    445252     0    508063     0    513419     0    504138     0    503999     0    509020     0    507912     0
1024    616037     0    618439     0    707132     0    714266     0    701910     0    701724     0    708412     0    706930     0
