# reps=10000, upper bound=0, TYPE=UINT32, BLOCK_SIZE=2048, SEQREAD_CACHE_SIZE=1024, NR_TASKLETS=1
n       µ_Normal σ_Normal       µ_TrivialBC σ_TrivialBC µ_NoTrivial σ_NoTrivial µ_OneInsertion σ_OneInsertion   µ_ThreshBC σ_ThreshBC   µ_ThreshTrivBC σ_ThreshTrivBC   µ_ThreshThenTriv σ_ThreshThenTriv       µ_TrivInThresh σ_TrivInThresh
20        5734     0      5748     0      6275     0      6480     0      6096     0      6080     0      6295     0      6259     0
24        7213     0      7235     0      7936     0      8172     0      7733     0      7716     0      7962     0      7918     0
32       10364     0     10400     0     11488     0     11788     0     11239     0     11217     0     11525     0     11464     0
48       17202     0     17269     0     19238     0     19667     0     18897     0     18863     0     19299     0     19202     0
64       24552     0     24646     0     27587     0     28145     0     27153     0     27109     0     27671     0     27540     0
96       40341     0     40491     0     45606     0     46425     0     44986     0     44919     0     45738     0     45534     0
128      57101     0     57309     0     64768     0     65844     0     63963     0     63875     0     64947     0     64675     0
192      92787     0     93111     0    105692     0    107282     0    104515     0    104385     0    105963     0    105552     0
256     130601     0    131038     0    149139     0    151250     0    147588     0    147413     0    149505     0    148951     0
384     210465     0    211130     0    241105     0    244250     0    238804     0    238538     0    241660     0    240820     0
512     294597     0    295491     0    338146     0    342324     0    335105     0    334754     0    338889     0    337769     0
768     471312     0    472663     0    542341     0    548586     0    537810     0    537286     0    543457     0    541775     0
1024    656329     0    658141     0    756396     0    764712     0    750373     0    749680     0    757892     0    755649     0
