# reps=1000, dist name=uniform, dist param=0, PIVOT=MEDIAN, TYPE=UINT64, BLOCK_SIZE=50000, SEQREAD_CACHE_SIZE=1024, NR_TASKLETS=1, CALL_OVERHEAD=128
n	µ_Merge σ_Merge	µ_MergeWriteBack σ_MergeWriteBack	µ_MergeHalfSpace σ_MergeHalfSpace
16  	   5240   410	   5361   410	   5273   410
24  	   9258   732	   9378   732	   9290   731
32  	  15367   778	  16756   778	  15541   776
48  	  24496  1051	  25851  1052	  24269  1056
64  	  38725  1128	  38847  1128	  37746  1133
96  	  59701  1479	  59822  1479	  59406  1482
128 	  90662  1717	  94387  1716	  90916  1720
192 	 140558  2201	 145419  2201	 140358  2213
256 	 209996  2518	 210111  2516	 209709  2523
384 	 322846  2962	 322968  2968	 323244  2995
512 	 473669  3546	 486733  3544	 477616  3562
768 	 730363  4431	 749240  4433	 732557  4487
1024	1059586  4656	1059714  4646	1068018  4708
1536	1628658  5969	1628784  5975	1635740  6019
2048	2340249  6997	2390744  7008	2365583  7060
3072	3595630  8351	3670564  8347	3614694  8469
