# reps=1000, dist name=sorted, dist param=0, PIVOT=END, TYPE=UINT64, BLOCK_SIZE=2048, SEQREAD_CACHE_SIZE=1024, NR_TASKLETS=1, CALL_OVERHEAD=128
n       µ_1 σ_1 µ_2 σ_2 µ_3 σ_3 µ_4 σ_4 µ_5 σ_5 µ_6 σ_6 µ_7 σ_7 µ_8 σ_8 µ_9 σ_9 µ_1NoSentinel σ_1NoSentinel     µ_1Implicit σ_1Implicit µ_BubbleAdapt σ_BubbleAdapt     µ_BubbleNonAdapt σ_BubbleNonAdapt       µ_Selection σ_Selection
3          240     3       385     4       304     3       320     3       351     1       369     4       399     1       417     4       433     4       287     2       305     4       255     1       337     4       607     1
4          337     3       577     5       497     4       431     1       449     4       465     4       495     0       513     4       529     4       401     4       433     4       319     1       594     5      1055     2
5          433     4       783     1       703     1       626     5       545     4       575     1       593     5       609     5       639     2       527     2       575     1       385     4       914     6      1619     6
6          529     4       978     5       898     5       818     5       751     1       671     2       690     5       705     5       738     5       642     5       703     1       449     4      1299     6      2288     3
7          639     1      1170     6      1103     1      1023     2       946     5       866     5       786     5       815     1       834     5       770     5       834     5       513     4      1748     7      3072     4
8          737     5      1376     2      1299     6      1218     6      1138     6      1058     6       991     1       914     5       930     5       882     5       962     5       577     5      2262     9      3961    10
9          834     5      1571     6      1491     6      1411     7      1343     1      1267     6      1186     6      1107     6      1026     6      1010     5      1103     1       641     5      2854     7      4969     8
10         930     5      1764     8      1696     3      1619     6      1540     6      1459     7      1379     7      1311     2      1232     2      1135     2      1231     2       706     5      3497    10      6078    12
11        1026     5      1971     6      1892     7      1812     7      1732     7      1664     2      1583     2      1507     6      1427     7      1251     7      1363     6       783     2      4216     8      7302    10
12        1135     1      2165     8      2085     8      2016     2      1936     2      1860     7      1780     7      1700     7      1632     2      1375     2      1491     7       847     2      5002     8      8633    13
13        1231     1      2368     3      2288     3      2212     7      2133     8      2053     8      1984     3      1904     2      1828     7      1491     7      1632     2       914     5      5850     8     10080    11
14        1331     6      2565     7      2486     9      2406     8      2336     3      2256     3      2180     7      2100     7      2021     8      1620     7      1760     2       979     6      6764     9     11630    16
15        1427     7      2759     9      2688     3      2608     3      2533     7      2453     7      2373     9      2293     8      2224     3      1733     8      1892     7      1043     6      7742    10     13295    14
16        1524     7      2960     3      2886     7      2806     7      2726     9      2646     9      2576     3      2501     7      2421     7      1860     7      2021     8      1107     6      8788    13     15069    15
17        1632     2      3158     7      3079     9      2999    10      2928     3      2854     7      2774     7      2694     9      2614     9      1984     3      2160     2      1171     6      9905    12     16955    15
18        1728     2      3352    10      3281     4      3206     7      3126     8      3047     9      2966     9      2896     4      2816     4      2101     7      2288     3      1235     7     11080    14     18947    16
19        1828     7      3559     8      3478     8      3399     9      3319     9      3249     4      3169     4      3094     7      3015     9      2224     3      2421     7      1312     2     12326    14     21051    17
20        1924     7      3752    10      3672    10      3601     5      3521     5      3446     8      3367    10      3287     9      3217     4      2342     9      2550     9      1375     2     13640    15     23267    20
21        2020     7      3953     5      3873     5      3799     8      3720    10      3640    10      3569     5      3489     4      3414     7      2464     4      2688     4      1444     6     15018    15     25591    19
22        2117     8      4152     8      4074    11      3993    10      3921     5      3841     5      3767     8      3687     8      3608    10      2583     9      2816     4      1508     7     16460    15     28028    21
23        2224     3      4346    10      4273     6      4194     6      4119     8      4039     8      3960    10      3881    11      3809     5      2710     7      2950     7      1572     7     17969    19     30571    20
24        2325     7      4546     6      4472     8      4392     8      4313    10      4234    11      4161     6      4087     8      4008     8      2823    10      3079    10      1636     7     19544    18     33225    22
