# reps=1000, dist name=normal, dist param=0, PIVOT=END, TYPE=UINT32, BLOCK_SIZE=16512, SEQREAD_CACHE_SIZE=1024, NR_TASKLETS=1, CALL_OVERHEAD=128
n       µ_Merge σ_Merge µ_MergeWriteBack σ_MergeWriteBack       µ_MergeHalfSpace σ_MergeHalfSpace
16         4288   282      4411   282      4291   282
24         7449   473      7570   473      7449   474
32        10756   637     10879   638     10757   638
48        18231   927     18352   926     18232   928
64        26280  1245     26402  1244     26281  1243
96        44637  1932     44757  1932     44639  1931
128       68842  2041     80266  2044     75924  2040
192      109719  2839    126785  2838    116741  2836
256      165984  3150    166105  3153    182695  3156
384      255850  4012    255973  4012    284743  4004
512      382470  4547    427743  4551    438224  4555
768      582064  5530    649898  5528    669576  5539
1024     861072  6658    861205  6653   1004954  6659