# reps=1000, dist name=reverse, dist param=0, PIVOT=END, TYPE=UINT32, BLOCK_SIZE=16512, SEQREAD_CACHE_SIZE=1024, NR_TASKLETS=1, CALL_OVERHEAD=128
n       µ_Merge σ_Merge µ_MergeWriteBack σ_MergeWriteBack       µ_MergeHalfSpace σ_MergeHalfSpace
16         4513     6      4636    12      4515     7
24         7823    10      7939    15      7822    10
32        10861    13     10984    14     10861    14
48        18752    17     18874    18     18752    17
64        26467    20     26587    23     26467    20
96        46962    28     47084    26     46963    28
128       69024    33     80449    36     76133    34
192      110794    41    127858    44    117895    43
256      163408    51    163529    50    180226    54
384      253639    63    253765    62    282763    65
512      373821    77    419094    80    429856    78
768      570924    92    638755    98    658975   104
1024     836055   111    836167   112    980616   122