# reps=1000, dist name=normal, dist param=0, PIVOT=END, TYPE=UINT32, BLOCK_SIZE=2048, SEQREAD_CACHE_SIZE=1024, NR_TASKLETS=1, CALL_OVERHEAD=128
n       µ_1 σ_1 µ_2 σ_2 µ_3 σ_3 µ_4 σ_4 µ_5 σ_5 µ_6 σ_6 µ_7 σ_7 µ_8 σ_8 µ_9 σ_9 µ_1NoSentinel σ_1NoSentinel     µ_1Implicit σ_1Implicit µ_BubbleAdapt σ_BubbleAdapt     µ_BubbleNonAdapt σ_BubbleNonAdapt       µ_Selection σ_Selection
3          259    57       369    41       326    59       354    57       371    57       394    59       419    57       435    57       464    55       345    51       320    75       339    84       310     7       502     9
4          399    79       568    69       514    58       486    79       510    78       529    80       554    76       575    79       595    80       527    82       483    97       551   135       535    10       869    13
5          560   110       772    79       724    82       676    83       670   109       691   111       713   111       736   110       757   112       751   124       671   137       828   202       825    16      1325    15
6          726   134      1000   108       947   111       887    97       856   106       858   135       880   136       903   135       925   135       984   163       861   166      1154   262      1171    21      1866    17
7          919   162      1220   119      1153   114      1116   122      1071   120      1058   131      1074   162      1096   162      1118   162      1253   203      1078   196      1534   329      1576    29      2495    21
8         1122   204      1459   153      1384   139      1359   160      1301   144      1266   145      1271   165      1298   204      1320   203      1537   259      1304   238      1987   404      2042    36      3213    24
9         1346   229      1700   162      1630   169      1572   157      1550   176      1505   161      1499   174      1497   193      1544   229      1847   300      1552   269      2478   475      2566    43      4014    24
10        1586   270      1959   193      1855   178      1799   173      1826   209      1756   201      1725   196      1717   195      1748   232      2189   363      1813   314      3057   565      3149    52      4908    26
11        1846   302      2220   210      2105   202      2061   203      2036   208      2034   226      1979   216      1966   212      1977   233      2553   410      2103   347      3682   630      3794    59      5889    28
12        2108   352      2492   249      2371   240      2322   246      2265   230      2318   275      2253   252      2212   246      2223   240      2925   484      2384   407      4357   736      4492    72      6956    30
13        2406   386      2759   252      2617   244      2555   248      2533   246      2527   257      2538   285      2490   278      2483   274      3349   535      2704   441      5105   813      5255    81      8112    35
14        2706   412      3063   287      2872   256      2816   260      2796   284      2780   275      2843   317      2781   296      2749   290      3779   581      3026   469      5967   864      6073    88      9356    36
15        3055   446      3364   301      3162   299      3086   289      3096   324      3046   301      3079   327      3095   342      3053   326      4277   628      3397   499      6864   921      6958    96     10687    35
16        3718   491      3967   363      3732   328      3676   336      3617   323      3640   326      3645   328      3760   374      3695   368      5209   703      4131   583      8203   879      7962   107     12060    40
17        4115   571      4297   402      4047   380      3956   373      3918   335      3963   387      3930   329      4017   400      4073   423      5778   819      4551   667      9236   946      8970   124     13562    43
18        4567   586      4696   437      4399   392      4284   390      4229   371      4321   430      4276   378      4316   404      4450   443      6430   845      5030   686     10370  1029     10042   130     15151    44
19        4986   633      5030   446      4707   400      4598   418      4583   417      4602   424      4582   420      4606   413      4714   459      7033   915      5471   737     11545  1092     11169   142     16834    43
20        5465   694      5421   486      5031   429      4956   455      4966   465      4879   430      4966   455      4942   434      4992   441      7726  1007      5985   806     12865  1083     12356   156     18600    46
21        5951   712      5800   492      5405   491      5264   453      5235   446      5203   454      5364   530      5303   470      5342   476      8431  1038      6497   816     14076  1189     13611   167     20454    49
22        6449   808      6213   575      5735   485      5576   493      5521   486      5534   498      5616   512      5664   521      5653   500      9151  1178      7028   921     15499  1269     14918   185     22399    53
23        6929   840      6595   572      6077   516      5929   515      5886   520      5927   548      5929   528      6023   551      6006   521      9848  1230      7515   948     16870  1316     16272   192     24431    50
24        7770   892      7299   615      6726   576      6580   586      6513   565      6558   582      6521   561      6738   631      6652   566     11065  1310      8434  1027     18717  1326     17770   205     26506    56
