# reps=1000, dist name=reverse, dist param=0, PIVOT=END, TYPE=UINT32, BLOCK_SIZE=2048, SEQREAD_CACHE_SIZE=1024, NR_TASKLETS=1, CALL_OVERHEAD=128
n       µ_1 σ_1 µ_2 σ_2 µ_3 σ_3 µ_4 σ_4 µ_5 σ_5 µ_6 σ_6 µ_7 σ_7 µ_8 σ_8 µ_9 σ_9 µ_1NoSentinel σ_1NoSentinel     µ_1Implicit σ_1Implicit µ_BubbleAdapt σ_BubbleAdapt     µ_BubbleNonAdapt σ_BubbleNonAdapt       µ_Selection σ_Selection
3          368     3       385     4       433     4       463     1       481     5       497     5       527     1       545     5       575     1       497     5       417     4       431     1       319     1       495     1
4          607     2       738     5       545     5       689     5       706     5       738     5       754     5       784     1       802     5       818     5       674     6       737     5       561     5       848     2
5          879     2       866     5       834     5       753     5       991     2      1010     5      1026     6      1056     2      1075     7      1204     7       994     6      1123     6       866     5      1283     7
6         1200     2      1331     6      1280     2       995     6      1010     6      1331     6      1348     7      1376     2      1395     6      1664     2      1376     2      1584     3      1235     7      1808     3
7         1556     8      1444     7      1316     7      1376     2      1203     6      1311     2      1716     7      1732     8      1760     3      2181     7      1808     3      2118     9      1684     7      2407     9
8         1972     7      2016     3      1652     7      1904     2      1540     7      1460     7      1652     7      2149     7      2166     9      2760    10      2288     4      2741     7      2192     4      3095     8
9         2422     8      2101     7      2245     7      1860     7      2005     7      1748     7      1760     3      2037     7      2615     9      3416     8      2824    10      3433    10      2759    10      3864     8
10        2918     8      2785     4      2224     4      2100     7      2615     9      2166     9      2004     7      2101     7      2465     5      4130     7      3425     6      4203    11      3401    10      4714     9
11        3458     6      2855     8      2598     8      2565     7      2486     9      2721     4      2374     9      2294     9      2486     9      4908    11      4075    11      5053    12      4107    11      5646    13
12        4040     8      3641    10      3345     5      3289    10      2641     4      3425     5      2886     8      2630     8      2641     5      5758    12      4781    11      5980     9      4876    12      6663    11
13        4668    11      3688     8      3257    10      3137     5      3016    10      3207     8      3521     6      3095     8      2928     4      6672    12      5540     9      6982    10      5716     9      7765    16
14        5342    12      4588    12      3674    11      3384     8      3609    11      3272     8      4315    11      3688     8      3345     5      7655    11      6353    14      8063    11      6620     9      8944    12
15        6060     9      4617     9      4579     7      3930    11      4473     8      3560     8      4008     8      4412    12      3898    11      8704    11      7223    11      9222    13      7587    15     10211    13
16        6817    12      5627     9      4428    11      4858     8      4185     8      4059    12      3986     6      5294    13      4579     8      9814    13      8153    12     10456    14      8624    11     11557    13
17        7624    12      5627     9      4890     9      4589    13      4297     8      4793     9      4185     8      4899     8      5396     8     10996    13      9131    13     11765    13      9729    12     12989    15
18        8469    15      6752    12      5947     9      4835     7      4714     9      5781     9      4604    11      4793     9      6367    12     12241    15     10168    14     13155    15     10893    14     14500    16
19        9365    13      6733    10      5727    12      5470    13      5438    12      5364     9      5242     9      4899     8      5884     9     13549    15     11258    14     14619    17     12128    15     16098    16
20       10301    13      7967    11      6236     9      6598    10      6544    12      5341    12      6101     9      5230    12      5684     8     14928    16     12406    14     16163    16     13432    14     17770    17
21       11280    16      7919    11      7447    11      6224    13      6101     9      5627     9      7224    12      5780     9      5707     9     16371    17     13609    14     17782    18     14796    17     19534    19
22       12305    15      9264    11      7158    11      6464    12      6166    11      6223    12      6673    13      6557    10      5947     9     17882    17     14864    15     19480    17     16230    18     21377    19
23       13373    15      9201    12      7710    10      7191    11      6630    10      7127    11      6518    11      7543    11      6412     9     19460    18     16172    16     21253    18     17728    17     23307    20
24       14489    14     10654    14      9077    13      8516    13      7490    13      8404    13      6672    13      8800    12      7095    11     21099    18     17541    17     23108    21     19294    18     25310    20
