# reps=1000, dist name=Zipf, dist param=0, PIVOT=END, TYPE=UINT32, BLOCK_SIZE=2048, SEQREAD_CACHE_SIZE=1024, NR_TASKLETS=1, CALL_OVERHEAD=128
n       µ_1 σ_1 µ_2 σ_2 µ_3 σ_3 µ_4 σ_4 µ_5 σ_5 µ_6 σ_6 µ_7 σ_7 µ_8 σ_8 µ_9 σ_9 µ_1NoSentinel σ_1NoSentinel     µ_1Implicit σ_1Implicit µ_BubbleAdapt σ_BubbleAdapt     µ_BubbleNonAdapt σ_BubbleNonAdapt       µ_Selection σ_Selection
3          283    56       393    44       350    58       378    56       395    56       419    56       443    56       460    57       488    55       417    57       358    43       372    69       312     7       499     7
4          441    81       614    76       553    62       528    80       552    80       571    82       595    78       618    81       637    82       639    89       549    67       613   109       539    13       861    13
5          625   104       841    86       791    86       743    81       735   104       756   105       778   105       801   104       822   105       901   126       768    94       920   155       832    16      1313    14
6          824   137      1102   116      1040   116       983   100       952   104       957   137       978   138      1001   137      1023   137      1190   175      1008   130      1279   208      1185    23      1848    17
7         1052   165      1349   128      1285   122      1246   127      1196   121      1185   128      1206   165      1228   165      1251   165      1518   216      1274   162      1714   255      1597    31      2468    21
8         1304   204      1637   161      1561   148      1536   162      1472   152      1441   141      1441   165      1481   204      1503   204      1884   273      1565   203      2219   310      2071    37      3177    25
9         1551   224      1909   167      1841   178      1786   159      1761   182      1718   162      1700   162      1704   188      1750   223      2243   305      1850   226      2749   361      2601    42      3976    24
10        1844   269      2215   208      2119   190      2062   180      2078   216      2018   194      1979   189      1968   198      2009   219      2670   373      2182   274      3378   416      3197    54      4858    28
11        2163   299      2523   230      2414   211      2378   214      2337   202      2338   226      2287   216      2283   213      2297   223      3131   422      2539   310      4046   477      3851    62      5827    32
12        2495   329      2853   248      2727   242      2695   245      2640   224      2674   262      2628   248      2594   231      2595   238      3613   467      2907   341      4803   496      4566    71      6885    35
13        2854   384      3198   284      3036   268      2993   256      2955   256      2964   273      2964   286      2936   270      2914   263      4138   547      3304   397      5628   600      5344    81      8032    37
14        3240   421      3563   309      3363   279      3308   280      3298   290      3266   268      3357   327      3296   302      3261   294      4703   604      3730   441      6517   641      6181    91      9262    39
15        3637   469      3904   336      3733   323      3639   316      3638   329      3590   302      3641   335      3666   353      3613   326      5284   675      4164   488      7436   713      7078   103     10584    42
16        4036   508      4272   360      4044   339      3996   356      3954   326      3944   324      3947   337      4080   398      4015   381      5868   736      4601   525      8464   733      8029   111     11991    47
17        4495   540      4664   375      4404   355      4319   366      4277   362      4324   383      4301   356      4375   393      4422   419      6541   788      5097   565      9569   787      9052   119     13488    47
18        4950   593      5086   427      4780   411      4665   372      4649   375      4717   416      4636   389      4688   385      4843   469      7211   863      5588   615     10674   891     10129   133     15069    50
19        5419   646      5474   458      5119   440      5026   410      5003   404      5012   424      5036   412      5029   400      5141   454      7899   943      6092   670     11846   975     11260   146     16741    55
20        5932   727      5890   510      5516   466      5428   477      5429   487      5353   430      5412   473      5392   449      5480   478      8651  1064      6638   752     13093  1038     12460   162     18501    54
21        6505   734      6359   517      5952   492      5792   470      5755   458      5755   464      5858   538      5810   476      5865   489      9497  1078      7251   762     14515  1014     13731   168     20346    57
22        6975   777      6758   562      6294   497      6138   495      6103   493      6129   497      6211   526      6227   546      6242   514     10186  1142      7750   803     15813  1084     15031   179     22284    59
23        7624   882      7238   594      6724   528      6557   548      6525   539      6544   549      6555   543      6690   584      6638   532     11141  1298      8441   914     17356  1208     16430   206     24298    63
24        8242   892      7733   620      7165   602      7018   601      6926   563      6974   612      6969   562      7157   648      7090   589     12056  1316      9099   923     18933  1190     17877   208     26406    67
