# reps=10000, upper bound=0, PIVOT=median_of_three, TYPE=UINT32, BLOCK_SIZE=2048, SEQREAD_CACHE_SIZE=1024, NR_TASKLETS=1
n       µ_Merge σ_Merge µ_MergeWriteBack σ_MergeWriteBack       µ_MergeHalfSpace σ_MergeHalfSpace
20        6177   462      6198   462      6177   462
24        7832   590      7853   590      7832   590
32       11524   853     11545   852     11524   853
48       20351  1493     20372  1493     20351  1493
64       31002  2243     31021  2244     31002  2243
96       48789  2400     57394  2399     53435  2401
128      71016  3122     82442  3121     75634  3124
192     124065  3809    124186  3810    133383  3810
256     166952  4418    167074  4419    186009  4422
384     284155  5476    318147  5475    317621  5479
512     381321  6392    426594  6392    439201  6399
768     638051  7746    638173  7743    734798  7749
