# reps=10000, upper bound=0, PIVOT=median_of_three, TYPE=UINT32, BLOCK_SIZE=2048, SEQREAD_CACHE_SIZE=1024, NR_TASKLETS=1
n       µ_Merge σ_Merge µ_MergeWriteBack σ_MergeWriteBack       µ_MergeHalfSpace σ_MergeHalfSpace
20        6695   475      8601   475      7613   475
24        7922   506     10180   506      8821   509
32       11458   686     14421   686     12321   693
48       21612   852     21734   852     23496   860
64       29051   990     29172   991     33271  1007
96       52003  1216     60607  1216     59559  1236
128      69734  1409     81158  1409     83212  1434
192     120988  1734    121109  1734    143773  1766
256     162113  2006    162235  2007    199221  2044
384     275700  2450    309687  2449    336416  2494
512     369274  2838    414544  2840    463580  2896
768     618768  3457    618889  3458    770329  3526
