# reps=10000, upper bound=0, PIVOT=median_of_three, TYPE=UINT32, BLOCK_SIZE=2048, SEQREAD_CACHE_SIZE=1024, NR_TASKLETS=1
n       µ_Merge σ_Merge µ_MergeWriteBack σ_MergeWriteBack       µ_MergeHalfSpace σ_MergeHalfSpace
20        7742   270      9681   270      8759   286
24        9288   321     11580   321      9979   339
32       12424   375     12579   375     14222   413
48       22850   468     23005   468     26174   512
64       30562   543     36379   543     36725   604
96       54057   667     62695   668     64564   742
128      72330   771     72484   771     89769   865
192     124672   944    124827   945    153437  1061
256     166889  1091    189629  1091    211994  1231
384     282659  1334    316682  1335    355410  1509
512     378413  1535    378566  1534    488790  1749
768     632260  1878    632414  1878    807973  2125
