# reps=10000, upper bound=0, PIVOT=median_of_three, TYPE=UINT32, BLOCK_SIZE=2048, SEQREAD_CACHE_SIZE=1024, NR_TASKLETS=1
n       µ_Merge σ_Merge µ_MergeWriteBack σ_MergeWriteBack       µ_MergeHalfSpace σ_MergeHalfSpace
20        6389   436      6510   436      6301   436
24        8148   586      8269   585      8060   586
32       13282   605     16245   606     14811   606
48       20653   831     25027   830     22133   836
64       32432   890     32554   890     36180   896
96       49531  1178     49653  1178     56216  1188
128      76396  1333     87820  1333     89564  1344
192     115613  1688    132678  1689    136489  1708
256     175165  1908    175287  1908    209827  1925
384     264453  2345    264574  2345    321297  2380
512     395258  2700    440531  2700    485290  2739
768     595827  3303    663664  3303    739487  3360
