# reps=10000, upper bound=0, PIVOT=median_of_three, TYPE=UINT32, BLOCK_SIZE=2048, SEQREAD_CACHE_SIZE=1024, NR_TASKLETS=1
n       µ_Merge σ_Merge µ_MergeWriteBack σ_MergeWriteBack       µ_MergeHalfSpace σ_MergeHalfSpace
20        7757   671      9696   663      7690   663
24        9759   870     12051   870      9693   870
32       14836  1335     14991  1335     14770  1335
48       23757  1427     23911  1427     25957  1428
64       35053  1916     40871  1915     37216  1917
96       60571  2348     69209  2349     64953  2352
128      80866  2717     81020  2717     90052  2725
192     137254  3336    137408  3336    153515  3344
256     183514  3844    206254  3844    211860  3852
384     307370  4699    341394  4699    354860  4708
512     411219  5463    411373  5462    487831  5475
768     681270  6685    681425  6684    806203  6700
