# reps=10000, upper bound=0, PIVOT=median_of_three, TYPE=UINT32, BLOCK_SIZE=2048, SEQREAD_CACHE_SIZE=1024, NR_TASKLETS=1
n       µ_Merge σ_Merge µ_MergeWriteBack σ_MergeWriteBack       µ_MergeHalfSpace σ_MergeHalfSpace
20        6176   462      8082   462      6176   462
24        7832   590     10090   590      7832   590
32       11524   853     14487   853     11524   853
48       20350  1493     24724  1493     20350  1493
64       29160  1526     34944  1527     32575  1527
96       47611  2117     56215  2117     50996  2119
128      73143  2273     73264  2272     81230  2275
192     113871  2974    113992  2974    127992  2978
256     172321  3347    195026  3347    199652  3353
384     263181  4201    297168  4202    306258  4211
512     392926  4764    393046  4763    463896  4776
768     595423  5869    595546  5869    711392  5889
