# reps=10000, upper bound=0, PIVOT=median_of_three, TYPE=UINT32, BLOCK_SIZE=2048, SEQREAD_CACHE_SIZE=1024, NR_TASKLETS=1
n       µ_Merge σ_Merge µ_MergeWriteBack σ_MergeWriteBack       µ_MergeHalfSpace σ_MergeHalfSpace
20        6139   361      7963   361      6720   368
24        7734   453      9915   453      8292   464
32       13038   494     13085   494     14630   506
48       20053   657     20116   658     23045   682
64       32242   742     37977   742     38326   765
96       48770   945     57374   945     58552   988
128      75747  1076     75868  1076     92218  1120
192     114410  1358    114530  1358    141658  1420
256     174151  1553    196858  1553    217628  1618
384     262444  1923    296433  1924    332106  2018
512     392979  2208    393099  2208    499270  2322
768     592142  2738    592263  2738    761613  2872
