# reps=1000, dist name=Zipf, dist param=0, PIVOT=END, TYPE=UINT64, BLOCK_SIZE=16512, SEQREAD_CACHE_SIZE=1024, NR_TASKLETS=1, CALL_OVERHEAD=128
n       µ_Merge σ_Merge µ_MergeWriteBack σ_MergeWriteBack       µ_MergeHalfSpace σ_MergeHalfSpace
16         5149   417      5273   417      5173   418
24        10447   456     12442   455     11086   460
32        14486   590     17098   590     14992   609
48        26893   699     27013   696     27737   711
64        36251   827     36372   826     39084   856
96        64247  1061     71796  1060     68699  1092
128       86383  1193     96398  1194     95724  1230
192      149281  1479    149403  1479    163787  1548
256      200595  1673    200718  1674    226645  1734
384      340071  2088    369839  2091    380029  2146
512      457105  2383    496753  2385    523742  2459
768      764214  3108    764341  3110    865774  3187
1024    1025871  3397   1025989  3396   1187803  3529