# reps=1000, upper bound=0, DIST=UNIFORM, PIVOT=median_of_three, TYPE=UINT32, BLOCK_SIZE=2048, SEQREAD_CACHE_SIZE=1024, NR_TASKLETS=1, overhead=144
n       µ_1 σ_1 µ_2 σ_2 µ_3 σ_3 µ_4 σ_4 µ_5 σ_5 µ_6 σ_6 µ_7 σ_7 µ_8 σ_8 µ_9 σ_9 µ_1NoSentinel σ_1NoSentinel     µ_1Implicit σ_1Implicit µ_BubbleAdapt σ_BubbleAdapt     µ_BubbleNonAdapt σ_BubbleNonAdapt       µ_Selection σ_Selection
3          253    49       392    45       317    49       334    51       364    49       382    49       404    49       429    49       446    49       421    55       412    68       345    67       287     4       477    11
4          412    71       640    65       571    62       502    67       524    71       545    69       569    69       589    71       612    68       655    91       612    98       600   106       526     9       851    11
5          584    88       879    81       809    73       757    79       694    90       716    88       738    90       760    88       782    89       909   129       818   126       905   148       811    17      1290    13
6          774   109      1130    98      1076    94      1009    88       963    97       906   110       928   110       950   109       972   110      1197   166      1041   153      1266   193      1156    20      1823    16
7         1006   140      1416   122      1355   117      1300   109      1236   106      1208   123      1160   140      1181   139      1204   140      1548   219      1312   195      1712   242      1573    25      2449    19
8         1249   167      1697   137      1623   132      1602   138      1524   125      1477   126      1469   150      1425   167      1448   167      1926   269      1590   230      2217   292      2044    34      3155    22
9         1525   197      2008   161      1926   157      1900   159      1843   151      1784   142      1757   151      1760   179      1724   197      2355   321      1902   267      2794   332      2583    40      3955    24
10        1810   228      2312   184      2224   185      2176   167      2173   189      2099   170      2059   165      2043   179      2061   209      2808   377      2223   305      3419   379      3170    48      4832    27
11        2135   264      2656   212      2543   196      2496   193      2489   212      2457   200      2399   183      2366   192      2368   205      3319   440      2584   348      4127   440      3834    55      5808    29
12        2465   300      2988   233      2862   224      2832   228      2782   220      2809   239      2739   209      2699   214      2685   212      3851   503      2947   388      4892   480      4544    64      6860    32
13        2820   337      3343   260      3196   249      3164   248      3107   239      3141   259      3103   245      3054   241      3026   233      4423   569      3336   437      5724   523      5317    73      7999    35
14        3205   373      3711   283      3537   266      3485   252      3463   274      3459   266      3505   292      3433   266      3397   257      5044   634      3757   481      6623   572      6157    82      9236    39
15        3605   417      4090   312      3893   299      3829   280      3829   313      3792   284      3864   313      3832   308      3772   295      5693   711      4189   529      7577   628      7052    91     10552    41
16        4032   457      4481   338      4266   328      4208   324      4186   326      4162   310      4192   320      4261   351      4185   331      6387   782      4652   577      8610   690      8014   103     11962    44
17        4472   502      4890   379      4631   344      4582   350      4518   337      4545   343      4540   337      4641   380      4614   373      7108   859      5125   616      9684   788      9031   113     13455    46
18        4946   543      5308   405      5029   376      4932   361      4890   359      4953   390      4919   361      4981   369      5075   417      7883   933      5635   664     10865   792     10112   124     15039    49
19        5432   595      5732   445      5422   410      5307   396      5273   394      5331   423      5308   394      5341   394      5476   440      8688  1023      6157   732     12070   848     11245   134     16701    52
20        5955   647      6183   473      5815   429      5728   441      5700   447      5693   431      5734   433      5737   425      5832   447      9545  1115      6715   791     13380   892     12455   147     18467    54
21        6483   699      6633   513      6232   468      6121   475      6089   467      6071   450      6168   476      6137   461      6205   460     10421  1205      7278   848     14731   949     13709   160     20305    58
22        7040   745      7101   530      6654   503      6497   478      6460   470      6472   474      6577   516      6573   482      6605   481     11347  1288      7867   900     16156  1029     15029   173     22235    60
23        7625   797      7584   576      7073   523      6921   519      6866   499      6904   523      6949   507      7034   543      7036   505     12315  1377      8485   955     17647  1042     16415   185     24255    63
24        8228   853      8072   612      7524   548      7373   565      7305   536      7356   575      7349   531      7518   603      7476   543     13320  1478      9122  1022     19201  1114     17857   198     26360    68
