# reps=10000, upper bound=0, TYPE=UINT32, BLOCK_SIZE=2048, SEQREAD_CACHE_SIZE=1024, NR_TASKLETS=1
n       µ_Quick σ_Quick   µ_Merge σ_Merge   µ_MergeWriteBack σ_MergeWriteBack   µ_Heap σ_Heap
20        5570     0       7017   404        8664   404       12911   356
24        6962     0       9303   566       11263   566       16786   411
32        9899     0      15849   631       15985   631       24891   473
48       16175     0      25507   884       25566   884       43195   632
64       22848     0      40644  1011       45804  1010       62271   735
96       37035     0      63001  1308       70462  1308      104670   931
128      52081     0      96850  1498       97268  1498      148631  1080
192      83799     0     148412  1904      148411  1905      245068  1367
256     117146     0     223434  2185      244039  2187      344636  1556
384     187264     0     340162  2715      369781  2716      560753  1971
512     260637     0     504375  3122      506136  3123      783122  2231
768     414418     0     765876  3879      765824  3878     1261889  2802
1024    574557     0        nan   nan         nan   nan     1753195  3228
