# reps=1000, dist name=Zipf, dist param=0, TYPE=UINT64, BLOCK_SIZE=50000, SEQREAD_CACHE_SIZE=1024, NR_TASKLETS=1, CALL_OVERHEAD=128
# QUICK_THRESHOLD=18, PIVOT=MEDIAN_OF_RANDOM, PARTITION_PRIO=RIGHT, RECURSIVE=false, MERGE_THRESHOLD=32
n	µ_Merge σ_Merge	µ_MergeWriteBack σ_MergeWriteBack	µ_MergeHalfSpace σ_MergeHalfSpace
16  	   4959   620	   5081   621	   4894   621
24  	   9641   808	  10853   807	   9678   809
32  	  14189  1028	  15191  1028	  14249  1033
48  	  25135  1288	  25257  1288	  25408  1291
64  	  34750  1507	  34870  1505	  36009  1505
96  	  58699  1855	  61330  1855	  61012  1890
128 	  80876  2096	  84326  2096	  85697  2067
192 	 134014  2622	 134135  2625	 142237  2619
256 	 183686  3162	 183807  3161	 198004  3062
384 	 300496  3783	 310466  3785	 324045  3766
512 	 410529  4516	 423766  4517	 448640  4220
768 	 665864  5623	 665986  5628	 727079  5396
1024	 906002  6685	 906113  6674	1001346  6062
1536	1459612  8264	1498948  8262	1611725  7671
2048	1981601  9737	2033950  9728	2210905  8452
3072	3173711 11477	3173822 11495	3535775 10110
