# reps=1000, dist name=normal, dist param=0, PIVOT=END, TYPE=UINT64, BLOCK_SIZE=16512, SEQREAD_CACHE_SIZE=1024, NR_TASKLETS=1, CALL_OVERHEAD=128
n       µ_Merge σ_Merge µ_MergeWriteBack σ_MergeWriteBack       µ_MergeHalfSpace σ_MergeHalfSpace
16         4777   419      4901   419      4801   419
24         8533   771      8653   771      8554   770
32        12755  1071     12877  1071     12777  1072
48        24128  1098     27973  1098     25726  1097
64        34175  1479     39256  1479     35554  1492
96        61690  1841     61812  1840     63941  1840
128       83512  2006     83632  2004     89871  2009
192      145658  2579    160613  2577    155561  2587
256      196190  2868    216083  2868    216108  2897
384      334243  3677    334365  3678    364987  3691
512      449423  4114    449543  4112    503718  4147
768      753522  5148    812910  5143    836603  5165
1024    1012293  5798   1091435  5800   1149572  5833