# reps=1000, dist name=uniform, dist param=0, PIVOT=END, TYPE=UINT64, BLOCK_SIZE=16512, SEQREAD_CACHE_SIZE=1024, NR_TASKLETS=1, CALL_OVERHEAD=128
n       µ_Merge σ_Merge µ_MergeWriteBack σ_MergeWriteBack       µ_MergeHalfSpace σ_MergeHalfSpace
16         5249   410      5372   410      5273   410
24         9269   732      9389   732      9290   732
32        13625  1013     13746  1013     13647  1013
48        24955  1074     28800  1073     26560  1078
64        35229  1438     40308  1438     36616  1448
96        62798  1850     62918  1850     65059  1845
128       84676  2041     84800  2041     91045  2050
192      146642  2531    161594  2533    156584  2547
256      197230  2898    217124  2897    217183  2930
384      335117  3477    335238  3476    365879  3495
512      450737  4220    450863  4224    505077  4240
768      754749  5184    814135  5189    837846  5200
1024    1013207  5621   1092346  5616   1150514  5685