# reps=1000, dist name=Zipf, dist param=0, PIVOT=END, TYPE=UINT64, BLOCK_SIZE=16512, SEQREAD_CACHE_SIZE=1024, NR_TASKLETS=1, CALL_OVERHEAD=128
n       µ_Merge σ_Merge µ_MergeWriteBack σ_MergeWriteBack       µ_MergeHalfSpace σ_MergeHalfSpace
16         5150   417      5273   417      5173   417
24         9044   738      9165   738      9066   737
32        13225  1014     13346  1015     13248  1014
48        24467  1083     28313  1082     26071  1087
64        34445  1461     39524  1460     35830  1471
96        61635  1892     61757  1890     63886  1888
128       83099  2073     83220  2072     89449  2076
192      144318  2582    159273  2581    154228  2602
256      194056  2938    213947  2939    213951  2972
384      330449  3519    330574  3513    361119  3534
512      444457  4281    444581  4283    498652  4300
768      745363  5274    804753  5277    828226  5290
1024    1000655  5702   1079782  5707   1137574  5768