# reps=10000, upper bound=0, PIVOT=median_of_three, TYPE=UINT32, BLOCK_SIZE=2048, SEQREAD_CACHE_SIZE=1024, NR_TASKLETS=1
n       µ_Normal σ_Normal       µ_TrivialBC σ_TrivialBC µ_NoTrivial σ_NoTrivial µ_OneInsertion σ_OneInsertion   µ_ThreshBC σ_ThreshBC   µ_ThreshTrivBC σ_ThreshTrivBC   µ_ThreshThenTriv σ_ThreshThenTriv       µ_TrivInThresh σ_TrivInThresh
20        5874     0      5900     0      6174     0      6147     0      5790     0      5786     0      6190     0      6171     0
24        7369     0      7405     0      7778     0      7739     0      7307     0      7303     0      7798     0      7773     0
32       10529     0     10583     0     11197     0     11138     0     10552     0     10546     0     11227     0     11189     0
48       17307     0     17400     0     18556     0     18453     0     17541     0     17532     0     18607     0     18546     0
64       24528     0     24657     0     26426     0     26276     0     25012     0     25000     0     26496     0     26411     0
96       39921     0     40126     0     43260     0     43019     0     40979     0     40963     0     43372     0     43239     0
128      56268     0     56549     0     61208     0     60878     0     58001     0     57978     0     61360     0     61179     0
192      90815     0     91243     0     99217     0     98704     0     94013     0     93978     0     99449     0     99175     0
256     127196     0    127773     0    139355     0    138664     0    132037     0    131989     0    139668     0    139297     0
384     203802     0    204682     0    224062     0    223011     0    212251     0    212183     0    224535     0    223977     0
512     284058     0    285234     0    313008     0    311598     0    296476     0    296385     0    313644     0    312895     0
768     452479     0    454254     0    500049     0    497915     0    473557     0    473418     0    501006     0    499879     0
1024    628087     0    630460     0    695359     0    692506     0    658421     0    658233     0    696638     0    695128     0
