# reps=10000, upper bound=0, PIVOT=middle, TYPE=UINT32, BLOCK_SIZE=2048, SEQREAD_CACHE_SIZE=1024, NR_TASKLETS=1
n       µ_Normal σ_Normal       µ_TrivialBC σ_TrivialBC µ_NoTrivial σ_NoTrivial µ_OneInsertion σ_OneInsertion   µ_ThreshBC σ_ThreshBC   µ_ThreshTrivBC σ_ThreshTrivBC   µ_ThreshThenTriv σ_ThreshThenTriv       µ_TrivInThresh σ_TrivInThresh
20        6027     0      6039     0      6397     0      6401     0      5967     0      5952     0      6417     0      6378     0
24        7564     0      7582     0      8062     0      8059     0      7533     0      7515     0      8088     0      8041     0
32       10823     0     10855     0     11610     0     11595     0     10870     0     10847     0     11647     0     11582     0
48       17877     0     17933     0     19326     0     19288     0     18123     0     18089     0     19387     0     19285     0
64       25449     0     25530     0     27633     0     27571     0     25924     0     25879     0     27717     0     27579     0
96       41675     0     41806     0     45510     0     45404     0     42709     0     42642     0     45642     0     45428     0
128      58872     0     59053     0     64499     0     64344     0     60534     0     60447     0     64676     0     64391     0
192      95425     0     95706     0    104976     0    104727     0     98523     0     98393     0    105248     0    104815     0
256     134144     0    134527     0    147934     0    147594     0    138806     0    138632     0    148301     0    147719     0
384     215755     0    216337     0    238705     0    238179     0    223945     0    223681     0    239258     0    238378     0
512     301627     0    302413     0    334378     0    333666     0    313647     0    313297     0    335122     0    333949     0
768     481818     0    483008     0    535503     0    534417     0    502190     0    501667     0    536623     0    534860     0
1024    670353     0    671950     0    746218     0    744760     0    699671     0    698978     0    747713     0    745365     0
